Ligand: retinol
mode |   affinity | rmsd l.b.| rmsd u.b.
-----+------------+----------+----------
   1       -5.1270      0.000      0.000
   2       -3.7780      0.638      2.196
   3       -3.2020      1.211      2.419


Ligand: capsaicin
mode |   affinity | rmsd l.b.| rmsd u.b.
-----+------------+----------+----------
   1       -7.0750      0.000      0.000
   2       -6.8560      2.286      4.812
   3       -6.6620      2.841      6.444
   4       -6.6450      2.214      4.348
   5       -6.5850      2.216      6.742
   6       -6.2060      1.807      3.995
   7       -6.1040      1.709      4.761
   8       -5.8440      1.523      2.474
   9       -5.7400      1.709      6.134


Ligand: cholesterol
mode |   affinity | rmsd l.b.| rmsd u.b.
-----+------------+----------+----------
   1       -4.1400      0.000      0.000
   2       -2.4780      2.158      4.242


Ligand: aspirin
mode |   affinity | rmsd l.b.| rmsd u.b.
-----+------------+----------+----------
   1       -6.2780      0.000      0.000
   2       -6.1600      1.087      1.140
   3       -6.1510      1.715      2.654
   4       -5.9430      1.818      3.812
   5       -5.8670      1.040      3.352
   6       -5.8640      1.887      2.684
   7       -5.8630      2.385      3.424
   8       -5.8620      2.007      3.977
   9       -5.8560      2.024      3.396


Ligand: ticagrelol
mode |   affinity | rmsd l.b.| rmsd u.b.
-----+------------+----------+----------
   1       -3.2150      0.000      0.000
   2       -2.4300      5.920     10.146
   3       -2.2380      2.075      3.892


Ligand: valsartan
mode |   affinity | rmsd l.b.| rmsd u.b.
-----+------------+----------+----------
   1       -5.2740      0.000      0.000
   2       -5.2620      3.713      7.958
   3       -5.1460      0.833      3.562
   4       -4.6520      3.680      7.786
   5       -4.1690      2.450      3.956
   6       -4.0880      1.575      3.435
   7       -3.7280      1.678      2.577
   8       -3.5770      3.854      8.353
   9       -3.5010      2.677      4.905


Ligand: rivaroxaban
mode |   affinity | rmsd l.b.| rmsd u.b.
-----+------------+----------+----------
   1       -3.6510      0.000      0.000
   2       -2.4870      5.608     10.768


